336913745	ACC	-0.20351335	2.5068057	8.940222
336913755	ACC	-0.20351335	2.5068057	8.940222
336913765	ACC	-0.047885496	2.4852571	9.603436
336913775	ACC	0.0023942748	2.4852571	9.325701
336913785	ACC	-0.021548472	2.466103	9.088667
336913795	ACC	-0.102953814	2.4469488	9.026416
336913805	ACC	-0.21787901	2.430189	9.158101
336913815	ACC	-0.13647367	2.466103	9.2490835
336913825	ACC	-0.12929083	2.4637089	9.340066
336913835	ACC	-0.1987248	2.4277947	9.395134
336913845	ACC	-0.26337022	2.4206119	9.368797
336913855	ACC	-0.23942748	2.4254005	9.306546
336913865	ACC	-0.21309046	2.432583	9.28021
336913875	ACC	-0.2753416	2.430189	9.318518
336913885	ACC	-0.29928434	2.4684973	9.354432
336913895	ACC	-0.24421602	2.4684973	9.399923
336913905	ACC	-0.1699935	2.4613144	9.387952
336913915	ACC	-0.12210801	2.5092	9.3831625
336913925	ACC	-0.09337672	2.5068057	9.356826
336913936	ACC	-0.076616794	2.5307484	9.282603
336913946	ACC	-0.12929083	2.5331428	9.28021
336913955	GYR	-0.06814263	0.017238617	-0.04545326
336913956	ACC	-0.1987248	2.5020173	9.335278
336913966	ACC	-0.22027329	2.5115943	9.407105
336913966	GYR	-0.079138204	0.0025778513	-0.03751201
336913976	ACC	-0.18675344	2.5522969	9.586677
336913976	GYR	-0.0809708	-0.01513724	-0.030792495
336913986	ACC	-0.083799616	2.631308	9.763853
336913986	GYR	-0.064477436	-0.037128393	-0.03384682
336913996	GYR	-0.03576677	-0.031019738	-0.044842396
336913996	ACC	-0.028731298	2.667222	9.797373
336914006	ACC	-0.043096945	2.6001825	9.711179
336914006	GYR	-0.0076669697	-0.018191567	-0.055227105
336914016	ACC	-0.12929083	2.5139885	9.577099
336914016	GYR	0.017989371	-0.020024162	-0.058281433
336914026	ACC	-0.22027329	2.5068057	9.5244255
336914026	GYR	0.030206675	-0.03468493	-0.05217278
336914036	ACC	-0.16759923	2.5714512	9.502876
336914036	GYR	0.036926195	-0.05484348	-0.03751201
336914046	ACC	-0.035914123	2.5810282	9.445415
336914046	GYR	0.04120225	-0.05484348	-0.027738169
336914056	ACC	-0.0023942748	2.4972286	9.344854
336914056	GYR	0.039369654	-0.04873483	-0.027738169
336914066	ACC	-0.06943397	2.4684973	9.294575
336914066	GYR	0.02470889	-0.030408872	-0.0289599
336914076	ACC	-0.12210801	2.5115943	9.220352
336914076	GYR	0.0033286046	-0.013304644	-0.021629516
336914086	ACC	-0.105348095	2.535537	9.208381
336914086	GYR	-0.024771197	-0.005363397	-0.011855673
336914096	ACC	-0.18675344	2.5379312	9.380769
336914096	GYR	-0.045540616	-0.005974262	-0.0063578854
336914106	ACC	-0.15083931	2.5594797	9.5244255
336914106	GYR	-0.05164927	-0.024911085	-8.600982E-4
336914116	ACC	-0.026337024	2.5666625	9.534002
336914116	GYR	-0.035155907	-0.028576277	3.6163224E-4
336914126	ACC	-0.057462595	2.5475085	9.519637
336914126	GYR	-0.016219083	-0.02430022	-0.013077403
336914136	ACC	-0.18435916	2.5594797	9.452597
336914136	GYR	-0.0088887	-0.009639454	-0.027127303
336914146	ACC	-0.19633053	2.5666625	9.356826
336914146	GYR	-0.0088887	-4.7647487E-4	-0.029570764
336914156	ACC	-0.21069619	2.5810282	9.354432
336914156	GYR	-0.0137756225	-0.009639454	-0.03018163
336914166	ACC	-0.2083019	2.5906053	9.378374
336914166	GYR	-0.01927341	-0.009028588	-0.0289599
336914176	ACC	-0.23463893	2.6001825	9.373586
336914176	GYR	-0.017440813	-0.01513724	-0.025905574
336914186	ACC	-0.23463893	2.6001825	9.354432
336914186	GYR	-0.005834374	-0.02796541	-0.021629516
336914196	ACC	-0.2561874	2.5858169	9.313729
336914196	GYR	8.8514376E-4	-0.021856759	-0.015520864
336914206	ACC	-0.24900457	2.5714512	9.203592
336914206	GYR	-0.003390913	-0.0010873401	-0.0057470202
336914216	ACC	-0.32083282	2.5618742	9.093455
336914216	GYR	-0.021106005	0.013573425	0.0040268237
336914226	ACC	-0.3519584	2.5522969	9.143736
336914226	GYR	-0.054703593	0.015406021	0.014411532
336914236	ACC	-0.30167863	2.6025767	9.282603
336914236	GYR	-0.09135551	0.012351695	0.026628837
336914246	ACC	-0.2657645	2.6241252	9.464568
336914246	GYR	-0.11640099	0.008075639	0.028461434
336914256	ACC	-0.25858167	2.631308	9.675264
336914256	GYR	-0.11640099	0.0025778513	0.021741917
336914266	ACC	-0.28252444	2.6289136	9.845258
336914266	GYR	-0.08646859	-0.01391551	0.015022398
336914276	ACC	-0.15323359	2.6073654	9.783007
336914276	GYR	-0.037599366	-0.018802432	0.010746342
336914286	ACC	-0.083799616	2.604971	9.641745
336914286	GYR	0.006993796	-0.017580701	3.6163224E-4
336914296	ACC	-0.17717634	2.6241252	9.450203
336914296	GYR	0.025930619	-0.01391551	-0.011244807
336914306	ACC	-0.22266756	2.6241252	9.294575
336914306	GYR	0.02715235	-0.012082914	-0.010023077
336914316	ACC	-0.18435916	2.6217308	9.189227
336914316	GYR	0.008826392	-0.008417723	-0.005136155
336914326	ACC	-0.15323359	2.604971	9.174861
336914326	GYR	-0.018662544	0.001966986	9.7249745E-4
336914336	ACC	-0.15802214	2.6265194	9.203592
336914336	GYR	-0.03210158	0.0056321775	0.0015833627
336914346	ACC	-0.20351335	2.604971	9.296969
336914346	GYR	-0.055314455	0.015406021	0.0058594192
336914356	ACC	-0.21787901	2.6073654	9.361614
336914356	GYR	-0.06814263	0.026401596	0.013189802
336914366	ACC	-0.18914771	2.640885	9.431048
336914366	GYR	-0.06997523	0.022736404	0.017465858
336914376	ACC	-0.13168511	2.6648278	9.541185
336914376	GYR	-0.062033977	0.006853908	0.017465858
336914386	ACC	-0.09337672	2.6815877	9.608225
336914386	GYR	-0.049205806	-0.0016982054	0.010746342
336914396	ACC	-0.08140534	2.667222	9.57231
336914396	GYR	-0.03210158	-0.0016982054	-2.49233E-4
336914406	ACC	-0.105348095	2.6289136	9.498088
336914406	GYR	-0.016829949	-0.0016982054	-0.010023077
336914416	ACC	-0.12689656	2.6001825	9.452597
336914416	GYR	-0.011943026	-0.0041416665	-0.0149099985
336914426	ACC	-0.12210801	2.6001825	9.404712
336914426	GYR	-0.011943026	-0.010250319	-0.016131729
336914436	ACC	-0.05985687	2.5929997	9.368797
336914436	GYR	-0.018662544	-0.01147205	-0.013077403
336914446	ACC	-0.08858817	2.5906053	9.340066
336914446	GYR	-0.026603792	-0.0010873401	-0.016742595
336914456	ACC	-0.16041641	2.5403256	9.325701
336914456	GYR	-0.02965812	0.008075639	-0.016742595
336914466	ACC	-0.2083019	2.5570855	9.239507
336914466	GYR	-0.030268984	0.020903809	-0.0149099985
336914476	ACC	-0.2370332	2.595394	9.143736
336914476	GYR	-0.041264556	0.036175437	-0.010633943
336914486	ACC	-0.27055305	2.6001825	9.170073
336914486	GYR	-0.06020138	0.024569001	-0.011855673
336914496	ACC	-0.24900457	2.6145482	9.29218
336914496	GYR	-0.074862145	0.0031887167	-0.0075796163
336914506	GYR	-0.0809708	-0.005974262	-0.008190481
336914506	ACC	-0.18196489	2.6241252	9.323306
336914516	ACC	-0.1699935	2.6432793	9.387952
336914516	GYR	-0.079138204	-0.017580701	-0.017964326
336914526	ACC	-0.22745611	2.6456738	9.42626
336914526	GYR	-0.07119695	-0.024911085	-0.0289599
336914536	ACC	-0.20351335	2.6552508	9.454991
336914536	GYR	-0.06386657	-0.02430022	-0.032014225
336914546	ACC	-0.16759923	2.6456738	9.488511
336914546	GYR	-0.058368787	-0.023689354	-0.03934461
336914556	ACC	-0.15083931	2.6720107	9.457385
336914556	GYR	-0.049205806	-0.01391551	-0.044842396
336914566	ACC	-0.17717634	2.6648278	9.390346
336914566	GYR	-0.03943196	-0.009028588	-0.051561914
336914576	ACC	-0.25379312	2.6791935	9.349643
336914576	GYR	-0.036377635	-0.016969837	-0.052783646
336914586	ACC	-0.2561874	2.6983478	9.332883
336914586	GYR	-0.036988504	-0.031019738	-0.048507586
336914596	ACC	-0.22027329	2.762993	9.373586
336914596	GYR	-0.03821023	-0.04445877	-0.04789672
336914606	GYR	-0.03821023	-0.04323704	-0.05217278
336914606	ACC	-0.1699935	2.803696	9.380769
336914616	ACC	-0.18914771	2.7821474	9.342461
336914616	GYR	-0.037599366	-0.037739255	-0.05583797
336914626	ACC	-0.28252444	2.7821474	9.27542
336914626	GYR	-0.038821097	-0.027354546	-0.06255749
336914636	ACC	-0.38308397	2.7510219	9.203592
336914636	GYR	-0.041875422	-0.02796541	-0.06072489
336914646	ACC	-0.35435268	2.7677817	9.191621
336914646	GYR	-0.046762343	-0.03407406	-0.05217278
336914656	ACC	-0.37350687	2.8204558	9.205987
336914656	GYR	-0.06020138	-0.035295796	-0.044842396
336914666	ACC	-0.37350687	2.796513	9.1940155
336914666	GYR	-0.07058609	-0.030408872	-0.038122877
336914676	ACC	-0.43096948	2.7941186	9.184438
336914676	GYR	-0.07974907	-0.030408872	-0.032014225
336914686	ACC	-0.43575802	2.8300328	9.136553
336914686	GYR	-0.08952291	-0.022467624	-0.025905574
336914696	ACC	-0.43575802	2.8443985	9.179649
336914696	GYR	-0.10051849	-0.02430022	-0.0149099985
336914706	ACC	-0.41420954	2.8467927	9.287392
336914706	GYR	-0.11273579	-0.040793583	-0.006968751
336914716	ACC	-0.3423813	2.8563697	9.469357
336914716	GYR	-0.12189877	-0.048123963	3.6163224E-4
336914726	ACC	-0.3328042	2.8420043	9.60583
336914726	GYR	-0.12373137	-0.0475131	0.002194228
336914736	ACC	-0.24182175	2.8372157	9.646533
336914736	GYR	-0.11212493	-0.03468493	0.0034159585
336914746	ACC	-0.19633053	2.832427	9.617802
336914746	GYR	-0.091966376	-0.021245893	3.6163224E-4
336914756	ACC	-0.17478207	2.8970726	9.577099
336914756	GYR	-0.06814263	-0.018191567	-0.006968751
336914766	ACC	-0.11253092	2.9329867	9.42626
336914766	GYR	-0.036988504	-0.012082914	-0.011855673
336914776	ACC	-0.08140534	2.9569294	9.150918
336914776	GYR	-0.0064452393	-0.01391551	-0.01857519
336914786	ACC	-0.035914123	3.0119977	8.89952
336914786	GYR	0.01676764	-0.02063503	-0.025294708
336914796	ACC	-0.052674048	3.083826	8.616995
336914796	GYR	0.028984945	-0.03835012	-0.028349033
336914806	ACC	-0.014365649	3.11974	8.499676
336914806	GYR	0.02715235	-0.07194771	-0.023462113
336914816	ACC	0.083799616	3.1269228	8.444607
336914816	GYR	-3.3658673E-4	-0.09760405	-0.016131729
336914826	ACC	0.20351335	3.1317115	8.46855
336914826	GYR	-0.054703593	-0.10798875	-0.011244807
336914836	ACC	0.32083282	3.0790374	8.707977
336914836	GYR	-0.13289435	-0.09882578	-0.008801347
336914846	ACC	0.34477556	3.0431232	8.909097
336914846	GYR	-0.22452413	-0.072558574	-0.009412211
336914856	ACC	0.3304099	2.997632	9.306546
336914856	GYR	-0.3130996	-0.03835012	-0.0057470202
336914866	ACC	0.3328042	3.014392	9.62259
336914866	GYR	-0.36746663	-0.010861184	9.7249745E-4
336914876	ACC	0.4166038	3.100586	9.907509
336914876	GYR	-0.36807746	0.0037995817	0.010746342
336914886	ACC	0.47885495	3.215511	9.972155
336914886	GYR	-0.3460863	0.009908235	0.013189802
336914896	ACC	0.49082634	3.337619	9.759064
336914896	GYR	-0.27400422	0.025179865	0.0076920153
336914906	ACC	0.409421	3.4118416	9.387952
336914906	GYR	-0.18542875	0.031899385	-0.003914424
336914916	ACC	0.2370332	3.5411325	8.930645
336914916	GYR	-0.11945531	0.020292943	-0.010633943
336914926	ACC	0.14365649	3.6656346	8.724737
336914926	GYR	-0.10540541	0.0050213123	-0.014299133
336914936	ACC	0.1340794	3.806897	8.600235
336914936	GYR	-0.14205733	1.3439036E-4	-0.012466538
336914946	ACC	0.16520496	3.8739367	8.672064
336914946	GYR	-0.2074199	0.013573425	-0.014299133
336914956	ACC	0.12450229	3.9098508	8.892337
336914956	GYR	-0.2672847	0.031288516	-0.021629516
336914966	ACC	0.08619389	3.8859081	9.052753
336914966	GYR	-0.29294103	0.053279668	-0.030792495
336914976	ACC	0.06464542	3.8667538	9.196409
336914976	GYR	-0.2782803	0.06488611	-0.042398933
336914986	ACC	0.08140534	3.7781656	9.203592
336914986	GYR	-0.22024807	0.057555724	-0.046674993
336914996	ACC	0.12689656	3.6632404	9.035994
336914996	GYR	-0.12739655	0.03495371	-0.04362067
336915006	ACC	0.12689656	3.5890179	8.842057
336915006	GYR	-0.03576677	0.011740831	-0.036290284
336915016	ACC	0.12689656	3.4309957	8.595447
336915016	GYR	0.036315326	-0.01391551	-0.022240382
336915026	ACC	0.20111908	3.3735332	8.396722
336915026	GYR	0.07602157	-0.030408872	0.002194228
336915036	ACC	0.28970724	3.3160706	8.281796
336915036	GYR	0.07052378	-0.032852333	0.02113105
336915046	ACC	0.38547826	3.3783216	8.209969
336915046	GYR	0.03875879	-0.016969837	0.034570087
336915056	ACC	0.56265455	3.3998702	8.20518
336915056	GYR	-0.0046126433	-0.0047525316	0.033348355
336915066	ACC	0.6057515	3.4190245	8.284191
336915066	GYR	-0.05226013	0.014795156	0.01990932
336915076	ACC	0.6105401	3.4716985	8.439818
336915076	GYR	-0.090744644	0.038008034	9.7249745E-4
336915086	ACC	0.6201172	3.4884584	8.5882635
336915086	GYR	-0.11334666	0.04717101	-0.013688269
336915096	ACC	0.6249057	3.5315554	8.729526
336915096	GYR	-0.11395752	0.048392747	-0.022851247
336915106	ACC	0.6249057	3.5650752	8.873182
336915106	GYR	-0.10845973	0.057555724	-0.03018163
336915116	ACC	0.6081458	3.6632404	8.992896
336915116	GYR	-0.10662714	0.078325145	-0.03018163
336915126	ACC	0.54350036	3.7685885	9.09585
336915126	GYR	-0.10662714	0.09359677	-0.027738169
336915136	ACC	0.40463245	3.8643596	9.2490835
336915136	GYR	-0.0950207	0.097261965	-0.0149099985
336915146	ACC	0.3423813	3.9098508	9.433443
336915146	GYR	-0.06814263	0.09970543	0.0058594192
336915156	ACC	0.25139886	3.9433706	9.634562
336915156	GYR	-0.031490713	0.11253359	0.030904895
336915166	ACC	0.21548474	3.991256	9.778218
336915166	GYR	-0.012553891	0.1247509	0.04434393
336915176	ACC	0.19393626	4.070267	9.828498
336915176	GYR	0.020432832	0.15712675	0.066335075
336915186	ACC	0.11971374	4.14449	9.90272
336915186	GYR	0.04120225	0.18522656	0.082217574
336915196	ACC	0.0047885496	4.2235007	10.032011
336915196	GYR	0.058306478	0.21149376	0.093824014
336915206	ACC	-0.062251143	4.2546263	10.190034
336915206	GYR	0.07418897	0.21576983	0.103597865
336915216	ACC	-0.16041641	4.3216662	10.522838
336915216	GYR	0.096180126	0.18217222	0.11764776
336915226	ACC	-0.090982445	4.371946	10.824516
336915226	GYR	0.1175604	0.1247509	0.13902804
336915236	ACC	0.031125572	4.35758	11.198023
336915236	GYR	0.14321674	0.05816659	0.15429966
336915246	ACC	0.07422252	4.352792	11.561953
336915246	GYR	0.1755926	-0.013304644	0.16407351
336915256	ACC	0.15562786	4.3192716	11.957008
336915256	GYR	0.20613587	-0.07133684	0.17812341
336915266	ACC	0.2681588	4.252232	12.1605215
336915266	GYR	0.2421769	-0.09882578	0.20072544
336915276	ACC	0.4070267	4.0822387	12.256292
336915276	GYR	0.2831049	-0.096993186	0.22516005
336915286	ACC	0.50998056	3.9888618	12.18207
336915286	GYR	0.32158938	-0.05789781	0.24226427
336915296	ACC	0.3902668	4.14449	11.748707
336915296	GYR	0.35946304	-0.0010873401	0.2593685
336915306	ACC	0.36392978	4.1253357	11.006481
336915306	GYR	0.40711054	0.0526688	0.307016
336915316	ACC	0.098165266	3.5842295	10.508472
336915316	GYR	0.42726907	0.074049085	0.3345049
336915326	ACC	-0.16041641	3.510007	10.125388
336915326	GYR	0.37290207	0.07527082	0.361383
336915336	ACC	-0.16041641	3.3735332	10.278622
336915336	GYR	0.21041192	0.06061005	0.41513914
336915346	ACC	-0.026337024	3.0742488	11.025636
336915346	GYR	-0.04615148	0.04350582	0.47317132
336915356	ACC	0.14844504	2.5283542	12.158128
336915356	GYR	-0.31920826	0.03251025	0.5305927
336915366	ACC	0.24421602	2.221887	13.247522
336915366	GYR	-0.5116308	-0.032241467	0.57274234
336915376	ACC	0.505192	1.8555629	14.437477
336915376	GYR	-0.5568348	-0.07866723	0.597177
336915386	ACC	0.85236186	1.6400782	14.753521
336915386	GYR	-0.42794225	-0.069504246	0.5983987
336915396	ACC	1.1205206	1.2330515	14.255512
336915396	GYR	-0.16099414	-0.061563	0.55441636
336915406	ACC	1.0678465	0.90024734	13.422304
336915406	GYR	0.17009482	-0.068282515	0.4768365
336915416	ACC	0.7110996	0.7302538	11.81814
336915416	GYR	0.48041436	-0.029187141	0.3962023
336915426	ACC	0.33759275	0.7015225	10.381576
336915426	GYR	0.713154	0.008075639	0.34611136
336915436	ACC	0.014365649	0.57462597	8.640938
336915436	GYR	0.8738116	0.036786303	0.33389404
336915446	ACC	-0.10055954	0.63208854	7.3192983
336915446	GYR	0.93001115	0.04289496	0.32839626
336915456	ACC	-0.40463245	0.70870537	6.0503325
336915456	GYR	0.9910977	0.01784948	0.3106812
336915466	ACC	-0.6153286	0.86193895	5.3009243
336915466	GYR	0.9721609	-0.032852333	0.29235524
336915476	ACC	-0.7637737	1.1468576	4.846012
336915476	GYR	0.87014633	-0.08783021	0.27647272
336915486	ACC	-0.8547561	1.4221992	4.903475
336915486	GYR	0.6954389	-0.12936905	0.24898379
336915496	ACC	-0.79250497	1.6544439	5.339233
336915496	GYR	0.46636447	-0.1403646	0.22088398
336915506	ACC	-0.7110996	1.733455	6.0000525
336915506	GYR	0.19025338	-0.12936905	0.19156246
336915516	ACC	-0.85954463	1.8603516	6.818895
336915516	GYR	-0.07852734	-0.11287568	0.1677387
336915526	ACC	-0.80208206	1.9489397	7.5395713
336915526	GYR	-0.29782796	-0.06034127	0.1750691
336915536	ACC	-0.54350036	2.0064023	8.458973
336915536	GYR	-0.45604205	0.0013561208	0.18484294
336915546	ACC	-0.53392327	1.9321798	9.323306
336915546	GYR	-0.53850883	0.04778188	0.18239948
336915556	ACC	-0.5147691	1.9441512	10.055954
336915556	GYR	-0.51285255	0.110700995	0.18728639
336915566	ACC	-0.50758624	1.9968252	10.295382
336915566	GYR	-0.38762516	0.13085955	0.19644937
336915576	ACC	-0.4740664	2.1021733	10.178062
336915576	GYR	-0.18481788	0.11375532	0.20194715
336915586	ACC	-0.3423813	2.19555	9.653716
336915586	GYR	0.06441513	0.07221649	0.20500149
336915596	ACC	-0.2849187	2.2003386	8.856422
336915596	GYR	0.3026526	0.011129965	0.19461678
336915606	ACC	-0.30886146	2.2027328	8.107015
336915606	GYR	0.46880794	-0.050567426	0.17934516
336915616	ACC	-0.2370332	2.343995	7.2618356
336915616	GYR	0.54455525	-0.10493443	0.17629081
336915626	ACC	-0.105348095	2.466103	6.821289
336915626	GYR	0.54089004	-0.1318125	0.16834958
336915636	ACC	0.06943397	2.667222	6.2921543
336915636	GYR	0.48285782	-0.12387125	0.15307795
336915646	ACC	0.12210801	2.7318676	6.0862465
336915646	GYR	0.38695195	-0.12509298	0.13169767
336915656	ACC	0.105348095	2.7366562	6.081458
336915656	GYR	0.2739419	-0.11226482	0.11153911
336915666	ACC	0.07901107	2.7917244	6.1748347
336915666	GYR	0.16276443	-0.08172155	0.100543536
336915676	ACC	0.090982445	2.9138324	6.447782
336915676	GYR	0.06563686	-0.05117829	0.10298699
336915686	ACC	0.09337672	2.9832664	6.8524146
336915686	GYR	-0.013164757	-0.025521949	0.11092824
336915696	ACC	0.0670397	3.083826	7.405492
336915696	GYR	-0.064477436	-0.005974262	0.11825862
336915706	ACC	0.03351985	3.1963568	7.800547
336915706	GYR	-0.082192525	0.006853908	0.12375641
336915716	ACC	-0.026337024	3.3352249	8.166871
336915716	GYR	-0.08158167	0.022736404	0.12619987
336915726	ACC	-0.047885496	3.5052183	8.427847
336915726	GYR	-0.079138204	0.02945592	0.12375641
336915736	ACC	-0.05027977	3.694366	8.746285
336915736	GYR	-0.07547302	0.031899385	0.11337171
336915746	ACC	-0.0071828244	3.8643596	8.93304
336915746	GYR	-0.06264484	0.03373198	0.095045745
336915756	ACC	0.043096945	4.146884	9.265843
336915756	GYR	-0.03821023	0.019071212	0.06389162
336915766	ACC	0.052674048	4.4677167	9.5794935
336915766	GYR	-9.4745203E-4	-0.01635897	0.022352781
336915776	ACC	0.08858817	4.7119327	9.917087
336915776	GYR	0.04792177	-0.056065213	-0.019186055
336915786	ACC	0.2083019	4.80531	9.9889145
336915786	GYR	0.113895215	-0.087219335	-0.054616243
336915796	ACC	0.34956414	4.862772	9.991309
336915796	GYR	0.18292299	-0.1195952	-0.083326906
336915806	ACC	0.37829542	4.8771377	10.048771
336915806	GYR	0.23729	-0.16479923	-0.10409632
336915816	ACC	0.43336374	4.8915033	10.139753
336915816	GYR	0.27638537	-0.21061411	-0.11020498
336915826	ACC	0.5123748	4.925023	10.281016
336915826	GYR	0.29410046	-0.24054651	-0.112648435
336915836	ACC	0.6153286	4.8771377	10.472558
336915836	GYR	0.28371575	-0.24298997	-0.118146226
336915846	ACC	0.72546524	4.8220696	10.6641
336915846	GYR	0.23973346	-0.21855538	-0.13341786
336915856	ACC	0.86193895	4.745453	11.016058
336915856	GYR	0.16032097	-0.17090788	-0.15601987
336915866	ACC	0.9194015	4.652076	11.358439
336915866	GYR	0.06258254	-0.1195952	-0.1835088
336915876	ACC	0.9601042	4.453351	11.8349
336915876	GYR	-0.025992928	-0.07072598	-0.21405207
336915886	ACC	0.9026416	4.4198313	12.11503
336915886	GYR	-0.08158167	-0.030408872	-0.24764965
336915896	ACC	0.9696813	4.618556	11.904334
336915896	GYR	-0.08830119	0.006853908	-0.25131485
336915906	ACC	1.1468576	4.067873	11.705609
336915906	GYR	-0.050427537	-4.7647487E-4	-0.25864524
336915916	ACC	0.90503585	3.4956412	11.691244
336915916	GYR	-0.0027800477	-0.089662805	-0.31606656
336915926	ACC	0.66800267	3.3495905	11.983345
336915926	GYR	-0.030879848	-0.20511633	-0.36371404
336915936	ACC	0.723071	3.3232534	12.847678
336915936	GYR	-0.15793982	-0.32790023	-0.37165532
336915946	ACC	0.9601042	3.2274826	13.695251
336915946	GYR	-0.3320364	-0.37554774	-0.3661575
336915956	ACC	1.0247496	2.8970726	14.482968
336915956	GYR	-0.45848554	-0.35783264	-0.3557728
336915966	ACC	0.89067024	2.5738454	14.84211
336915966	GYR	-0.47925493	-0.25398555	-0.35149673
336915976	ACC	0.8140534	2.1189332	14.380014
336915976	GYR	-0.37174264	-0.037128393	-0.3417229
336915986	ACC	0.65363705	1.7430321	13.314562
336915986	GYR	-0.1585507	0.19561127	-0.3484424
336915996	ACC	0.25858167	1.446142	11.729552
336915996	GYR	0.119393	0.35626882	-0.35394022
336916006	ACC	-0.12929083	1.2641771	9.675264
336916006	GYR	0.2580594	0.4130793	-0.34660983
336916016	ACC	-0.32801566	1.0558752	7.695199
336916016	GYR	0.48102525	0.4515638	-0.3117905
336916026	ACC	-0.37829542	0.9385557	6.3807425
336916026	GYR	0.5903701	0.38742295	-0.2678082
336916036	ACC	-0.4166038	1.1085492	5.166845
336916036	GYR	0.59281355	0.26708248	-0.23115629
336916046	ACC	-0.4189981	1.3791022	4.7550297
336916046	GYR	0.50179464	0.10092715	-0.20672168
336916056	ACC	-0.16041641	1.5874043	4.8723493
336916056	GYR	0.33869365	-0.08233242	-0.18167621
336916066	ACC	0.24900457	1.637684	5.4757066
336916066	GYR	0.13771896	-0.25337467	-0.1712915
336916076	ACC	0.7326481	1.6807809	6.732701
336916076	GYR	-0.05164927	-0.39509544	-0.18717399
336916086	ACC	1.0965779	1.6448668	7.9178667
336916086	GYR	-0.18726136	-0.44701898	-0.23665409
336916096	ACC	1.2043202	1.7621863	8.93304
336916096	GYR	-0.26117605	-0.39814976	-0.29835147
336916106	ACC	1.2905141	1.8771114	9.675264
336916106	GYR	-0.26117605	-0.33461976	-0.36249232
336916116	ACC	1.2833313	1.9633054	10.010463
336916116	GYR	-0.16465934	-0.24176826	-0.43396357
336916126	ACC	1.1061549	1.8842943	9.763853
336916126	GYR	-0.012553891	-0.1018801	-0.5029913
336916136	ACC	0.7996878	1.7669748	9.016839
336916136	GYR	0.1438276	0.07588168	-0.5536931
336916146	ACC	0.40223816	1.7478206	8.075889
336916146	GYR	0.2586703	0.24875654	-0.5738517
336916156	ACC	0.009577099	1.8890828	6.897906
336916156	GYR	0.28860265	0.34160808	-0.5555258
336916166	ACC	-0.17957062	1.9896424	6.359194
336916166	GYR	0.23545739	0.34832758	-0.50604564
336916176	ACC	-0.30646718	2.126116	6.091035
336916176	GYR	0.14810367	0.32083866	-0.44068307
336916186	ACC	-0.25379312	2.2147043	6.091035
336916186	GYR	0.057084747	0.29579318	-0.37470964
336916196	ACC	-0.09337672	2.281744	6.1532865
336916196	GYR	-0.02049514	0.27441287	-0.32156438
336916206	ACC	-0.090982445	2.360755	6.229903
336916206	GYR	-0.07119695	0.24325876	-0.28491244
336916216	ACC	-0.15802214	2.4780743	6.378348
336916216	GYR	-0.0950207	0.18522656	-0.24948226
336916226	ACC	-0.16041641	2.569057	6.550736
336916226	GYR	-0.098075025	0.10398148	-0.20977601
336916236	ACC	-0.05985687	2.7079248	6.8907228
336916236	GYR	-0.090744644	0.013573425	-0.1712915
336916246	ACC	0.09577099	2.9090438	7.2187386
336916246	GYR	-0.08402512	-0.062173866	-0.14196996
336916256	ACC	0.35914123	3.1388943	7.6640735
336916256	GYR	-0.07119695	-0.11348654	-0.12486575
336916266	ACC	0.51716334	3.3232534	8.061523
336916266	GYR	-0.05653619	-0.14525154	-0.12547661
336916276	GYR	-0.046762343	-0.15563625	-0.13158527
336916276	ACC	0.5770202	3.5578923	8.540379
336916286	ACC	0.6440599	3.7087317	8.772623
336916286	GYR	-0.02049514	-0.14708413	-0.1413591
336916296	ACC	0.6608198	3.842811	9.000079
336916296	GYR	0.0027177397	-0.10798875	-0.15357642
336916306	ACC	0.5770202	3.8715425	9.122187
336916306	GYR	0.010048122	-0.032852333	-0.16945891
336916316	ACC	0.31604427	4.0295644	9.148524
336916316	GYR	0.0021068742	0.05938832	-0.18106534
336916326	ACC	0.117319465	4.1780095	9.234718
336916326	GYR	-0.013164757	0.12169657	-0.17862189
336916336	ACC	0.014365649	4.3432145	9.397529
336916336	GYR	-0.019884275	0.16079195	-0.15785246
336916346	ACC	-0.09337672	4.4629283	9.562734
336916346	GYR	-0.01011043	0.18767	-0.13402872
336916356	ACC	-0.2466103	4.5610933	9.744699
336916356	GYR	0.0094372565	0.20843944	-0.11081584
336916366	ACC	-0.28970724	4.661653	10.084685
336916366	GYR	0.032039274	0.22248933	-0.08882469
336916376	ACC	-0.43575802	4.695173	10.4845295
336916376	GYR	0.05158696	0.24142617	-0.07233133
336916386	ACC	-0.62251145	4.6832013	10.807756
336916386	GYR	0.059528206	0.24753483	-0.059503164
336916396	ACC	-0.7972935	4.6832013	11.260275
336916396	GYR	0.044256575	0.2548652	-0.04423153
336916406	ACC	-0.9529214	4.6329217	11.631387
336916406	GYR	0.016156774	0.26769337	-0.022851247
336916416	ACC	-1.2617828	4.400677	12.091087
336916416	GYR	-0.0046126433	0.25547606	0.00708115
336916426	ACC	-1.4269878	4.216318	12.426287
336916426	GYR	0.005772066	0.20905031	0.062059022
336916436	ACC	-1.4174107	4.168432	12.64656
336916436	GYR	0.05525215	0.17239839	0.12864333
336916446	ACC	-1.2306572	4.5946136	12.244322
336916446	GYR	0.15421233	0.16628973	0.21049929
336916456	ACC	-0.87151605	4.3623686	11.219572
336916456	GYR	0.28921354	0.19561127	0.27708358
336916466	ACC	-1.175589	4.0128045	10.846065
336916466	GYR	0.33991534	0.22737627	0.26853147
336916476	ACC	-1.8004947	3.9313993	10.740717
336916476	GYR	0.22873789	0.28663018	0.26730976
336916486	ACC	-1.8148603	3.8452053	11.305766
336916486	GYR	-0.063255705	0.3440515	0.32473108
336916496	ACC	-1.4317763	3.6033835	12.119819
336916496	GYR	-0.45237687	0.36482096	0.3986458
336916506	ACC	-1.2593886	3.265791	12.9314785
336916506	GYR	-0.8243938	0.3073996	0.44446066
336916516	ACC	-0.967287	2.796513	14.322552
336916516	GYR	-1.0809572	0.22554368	0.46523008
336916526	ACC	-0.5818088	2.4876516	15.392793
336916526	GYR	-1.0766811	0.17300926	0.4774474
336916536	ACC	-0.0023942748	2.020768	15.337725
336916536	GYR	-0.77918977	0.15223984	0.43835202
336916546	ACC	0.071828246	1.5012103	14.2219925
336916546	GYR	-0.2782803	0.11436619	0.36565906
336916556	ACC	-0.10055954	1.010384	12.4358635
336916556	GYR	0.0051612007	0.09054245	0.33328322
336916566	ACC	-0.4285752	0.71828246	10.491713
336916566	GYR	0.5537182	0.06305351	0.28807917
336916576	ACC	-0.8140534	0.5219519	8.229122
336916576	GYR	0.9819347	0.010519099	0.28685743
336916586	ACC	-0.9505271	0.6249057	6.7398834
336916586	GYR	1.2275026	-0.07927809	0.32839626
336916596	ACC	-0.8978531	1.0223553	5.375147
336916596	GYR	1.2653762	-0.16785355	0.37787634
336916606	GYR	1.1224337	-0.2460443	0.41330653
336916606	ACC	-0.8739103	1.3168511	4.7550297
336916616	ACC	-0.75180227	1.5610672	4.6065845
336916616	GYR	0.83227277	-0.31568295	0.42735645
336916626	ACC	-0.47885495	1.7454263	5.0160055
336916626	GYR	0.43643206	-0.34561533	0.41575
336916636	ACC	-0.15083931	1.8555629	6.1892004
336916636	GYR	-0.003390913	-0.32240248	0.3845959
336916646	ACC	-0.043096945	1.8172545	7.18043
336916646	GYR	-0.4041185	-0.2442117	0.34122443
336916656	ACC	0.083799616	1.7406378	8.473338
336916656	GYR	-0.68756	-0.1403646	0.30396166
336916666	ACC	0.13168511	1.8268317	9.2419
336916666	GYR	-0.8353894	-0.05240002	0.28074878
336916676	ACC	0.2370332	1.9728824	9.979338
336916676	GYR	-0.84394145	-0.029798007	0.266088
336916686	ACC	0.2657645	1.9752767	10.281016
336916686	GYR	-0.70894027	-0.029187141	0.2557033
336916696	ACC	0.21309046	1.9633054	9.91948
336916696	GYR	-0.4481008	-0.028576277	0.24531859
336916706	ACC	0.12450229	1.977671	9.320911
336916706	GYR	-0.13350521	-0.04506964	0.23920995
336916716	ACC	0.016759925	2.0327394	8.2027855
336916716	GYR	0.15665577	-0.059119537	0.23859908
336916726	ACC	0.016759925	2.1476645	7.190007
336916726	GYR	0.3582413	-0.06889338	0.24776205
336916736	ACC	0.09337672	2.2673783	6.241874
336916736	GYR	0.43459946	-0.08233242	0.2557033
336916746	ACC	0.08140534	2.3655436	5.6983743
336916746	GYR	0.4077214	-0.07194771	0.24776205
336916756	ACC	0.026337024	2.5068057	5.2410674
336916756	GYR	0.30326343	-0.051789153	0.2257709
336916766	ACC	-0.035914123	2.6456738	5.078257
336916766	GYR	0.15909924	-0.042626176	0.18972985
336916776	ACC	-0.23942748	2.753416	5.1644506
336916776	GYR	-0.0076669697	-0.051789153	0.14147149
336916786	ACC	-0.40223816	2.7845416	5.5355635
336916786	GYR	-0.17015712	-0.07500204	0.09687834
336916796	ACC	-0.42378664	2.760599	6.3113084
336916796	GYR	-0.29355192	-0.09638232	0.060226426
336916806	ACC	-0.3998439	2.7725701	6.9745226
336916806	GYR	-0.36319056	-0.08049983	0.02113105
336916816	ACC	-0.45730647	2.80609	7.6712565
336916816	GYR	-0.3851817	-0.03835012	-0.01857519
336916826	ACC	-0.5913859	2.80609	8.018426
336916826	GYR	-0.35647103	-0.014526376	-0.036901146
336916836	ACC	-0.7781393	2.918621	8.341654
336916836	GYR	-0.33020383	-0.01391551	-0.038122877
336916846	ACC	-0.90982443	3.0000262	8.516436
336916846	GYR	-0.26117605	-0.03468493	-0.024683844
336916856	ACC	-0.8284191	3.2250881	8.564321
336916856	GYR	-0.15610722	-0.07927809	0.005248554
336916866	ACC	-0.7398309	3.4286015	8.593052
336916866	GYR	-0.054092728	-0.15624711	0.03518095
336916876	ACC	-0.47167215	3.7757714	8.626573
336916876	GYR	0.019211102	-0.2216097	0.06083729
336916886	ACC	-0.20590763	4.0367475	8.664881
336916886	GYR	0.05219782	-0.2582616	0.07427633
336916896	ACC	0.011971374	4.3264546	8.76544
336916896	GYR	0.048532635	-0.26559198	0.066335075
336916906	ACC	0.15802214	4.599402	8.995291
336916906	GYR	0.013102449	-0.25765076	0.040678736
336916916	ACC	0.27055305	4.7741838	9.445415
336916916	GYR	-0.045540616	-0.24726604	0.00708115
336916926	ACC	0.32083282	4.826858	9.976943
336916926	GYR	-0.11029233	-0.22771835	-0.03140336
336916936	ACC	0.48843205	4.8340406	10.714379
336916936	GYR	-0.17382231	-0.1757948	-0.063168354
336916946	ACC	0.52674043	4.7502413	11.226754
336916946	GYR	-0.2110851	-0.120206065	-0.09248988
336916956	ACC	0.5554718	4.563488	11.7750435
336916956	GYR	-0.20803078	-0.07072598	-0.12181142
336916966	ACC	0.50998056	4.40786	12.153339
336916966	GYR	-0.18237443	-0.02674368	-0.15663074
336916976	ACC	0.4166038	4.209135	12.447835
336916976	GYR	-0.14144646	7.452556E-4	-0.18595228
336916986	ACC	0.38068968	4.070267	12.543606
336916986	GYR	-0.099296756	0.016627753	-0.21832812
336916996	ACC	0.28731298	4.041536	12.483748
336916996	GYR	-0.07302955	-0.0010873401	-0.25009313
336917006	ACC	0.22745611	4.2977233	12.26587
336917006	GYR	-0.06020138	-0.06644992	-0.26841906
336917016	ACC	0.50758624	4.3791285	11.708004
336917016	GYR	-0.033934172	-0.15380365	-0.25986698
336917026	ACC	0.83081335	3.8954852	11.516461
336917026	GYR	-0.014997353	-0.28208536	-0.27880377
336917036	ACC	0.9074302	3.529161	11.724764
336917036	GYR	-0.025992928	-0.4567928	-0.35455108
336917046	ACC	0.90503585	3.3328304	12.636982
336917046	GYR	-0.08646859	-0.6455502	-0.43885046
336917056	ACC	1.0989721	3.2179053	13.939468
336917056	GYR	-0.19153741	-0.7542842	-0.50909996
336917066	ACC	1.2043202	2.978478	14.8828125
336917066	GYR	-0.30699092	-0.7359583	-0.5683539
336917076	ACC	1.185166	2.5115943	15.818974
336917076	GYR	-0.3851817	-0.569192	-0.617834
336917086	ACC	1.1372806	2.0542877	15.785454
336917086	GYR	-0.35952535	-0.23749219	-0.66609234
336917096	ACC	0.7829279	1.5203645	14.930697
336917096	GYR	-0.2129177	0.14429858	-0.7290115
336917106	ACC	0.090982445	1.211503	13.618635
336917106	GYR	0.025319753	0.4814962	-0.758333
336917116	ACC	-0.679974	0.86193895	11.269852
336917116	GYR	0.16215357	0.6061127	-0.74061793
336917126	ACC	-0.9289786	0.63208854	9.534002
336917126	GYR	0.42726907	0.71423584	-0.6605945
336917136	ACC	-1.2210802	0.5770202	7.362395
336917136	GYR	0.62213504	0.6439864	-0.5561366
336917146	ACC	-1.3982565	0.72785956	6.1532865
336917146	GYR	0.7186518	0.45095295	-0.4474026
336917156	ACC	-1.1540405	1.0870007	5.152479
336917156	GYR	0.70399106	0.23104146	-0.33439252
336917166	ACC	-0.82602483	1.2450229	4.889109
336917166	GYR	0.59281355	-4.7647487E-4	-0.23848668
336917176	ACC	-0.28013015	1.4221992	5.152479
336917176	GYR	0.40955397	-0.2301618	-0.17923275
336917186	ACC	0.016759925	1.4652961	5.889916
336917186	GYR	0.19819461	-0.4476298	-0.1627394
336917196	ACC	0.5770202	1.4317763	7.2522583
336917196	GYR	-0.014997353	-0.57957673	-0.16640459
336917206	ACC	0.818842	1.324034	8.482916
336917206	GYR	-0.20131125	-0.5759116	-0.2012239
336917216	ACC	0.749408	1.4533248	9.960183
336917216	GYR	-0.3130996	-0.47939482	-0.25009313
336917226	ACC	0.72546524	1.5778271	10.728745
336917226	GYR	-0.3222626	-0.32790023	-0.28430158
336917236	ACC	0.66800267	1.611347	10.996904
336917236	GYR	-0.23857404	-0.13547769	-0.31606656
336917246	ACC	0.45970076	1.5826156	10.628186
336917246	GYR	-0.083414264	0.08626639	-0.34294465
336917256	ACC	0.043096945	1.4652961	9.63935
336917256	GYR	0.09434753	0.3128974	-0.3521076
336917266	ACC	-0.409421	1.446142	8.490098
336917266	GYR	0.2421769	0.4888266	-0.33072734
336917276	ACC	-0.7901107	1.5778271	7.0798707
336917276	GYR	0.32586545	0.5615195	-0.27452773
336917286	ACC	-0.88588166	1.7573977	6.3998966
336917286	GYR	0.33991534	0.53891754	-0.20427823
336917296	ACC	-0.9289786	1.9441512	5.8755503
336917296	GYR	0.31242642	0.500433	-0.13708305
336917306	ACC	-0.83081335	2.0806248	5.619363
336917306	GYR	0.26233548	0.48577225	-0.06866614
336917316	ACC	-0.7805336	2.1500587	5.525986
336917316	GYR	0.20430326	0.46072677	-0.014299133
336917326	GYR	0.14688194	0.4271292	0.03762441
336917326	ACC	-0.7709565	2.2434354	5.5116205
336917336	ACC	-0.80687064	2.360755	5.6169686
336917336	GYR	0.08579541	0.3813143	0.09015882
336917346	ACC	-0.7206767	2.5187771	5.803722
336917346	GYR	0.02715235	0.32389298	0.14269324
336917356	ACC	-0.48843205	2.7725701	6.2107487
336917356	GYR	-0.02538206	0.25242174	0.18484294
336917366	ACC	-0.2777359	2.9377751	6.6608725
336917366	GYR	-0.064477436	0.19194607	0.20744495
336917376	ACC	-0.023942748	3.0646718	7.307327
336917376	GYR	-0.090744644	0.16201368	0.21599707
336917386	ACC	0.11253092	3.1484714	7.7909703
336917386	GYR	-0.09685329	0.1546833	0.21416448
336917396	ACC	0.1340794	3.2681851	8.262642
336917396	GYR	-0.09257724	0.14796378	0.20866668
336917406	ACC	0.20351335	3.4190245	8.55235
336917406	GYR	-0.06814263	0.15101811	0.20622322
336917416	ACC	0.28252444	3.5866237	8.827691
336917416	GYR	-0.035155907	0.16079195	0.20255803
336917426	ACC	0.30646718	3.8260512	8.968953
336917426	GYR	0.0027177397	0.15040724	0.1995037
336917436	GYR	0.03998052	0.12230744	0.19522765
336917436	ACC	0.28970724	4.168432	9.105427
336917446	ACC	0.2083019	4.348003	9.253872
336917446	GYR	0.058306478	0.11131187	0.19400592
336917456	ACC	0.117319465	4.503631	9.517242
336917456	GYR	0.05525215	0.120474845	0.20500149
336917466	ACC	0.09577099	4.5347567	9.651321
336917466	GYR	0.05647388	0.13147041	0.2257709
336917476	ACC	-0.03351985	4.563488	9.75667
336917476	GYR	0.05769561	0.15040724	0.25509244
336917486	ACC	-0.2561874	4.494054	9.981731
336917486	GYR	0.03753706	0.16445714	0.2838031
336917496	ACC	-0.51716334	4.3791285	10.472558
336917496	GYR	0.005772066	0.16262454	0.31862244
336917506	ACC	-0.62251145	4.2618093	10.925076
336917506	GYR	-0.028436389	0.1546833	0.3558852
336917516	ACC	-0.77574503	4.1349125	11.549982
336917516	GYR	-0.0669209	0.16751148	0.3790981
336917526	ACC	-0.85236186	3.9960446	12.13179
336917526	GYR	-0.096242435	0.21699154	0.39559144
336917536	ACC	-0.92658436	3.7542229	12.555577
336917536	GYR	-0.09868589	0.27991068	0.4017001
336917546	ACC	-1.0343267	3.6823947	12.727965
336917546	GYR	-0.064477436	0.33611026	0.39681318
336917556	ACC	-1.2162915	3.5794408	12.49572
336917556	GYR	0.010658988	0.3978077	0.3790981
336917566	ACC	-1.4437478	3.6800003	12.016866
336917566	GYR	0.12305819	0.4130793	0.37665462
336917576	ACC	-1.5179702	4.0798445	10.59706
336917576	GYR	0.2635572	0.38009256	0.4194152
336917586	ACC	-1.4868447	3.5363438	9.718362
336917586	GYR	0.36557168	0.26402816	0.44690412
336917596	ACC	-2.1620302	2.8946784	9.565128
336917596	GYR	0.3814542	0.008075639	0.4438498
336917606	ACC	-2.3942747	2.6265194	10.304958
336917606	GYR	0.24889643	-0.2710898	0.49577335
336917616	ACC	-1.7214836	2.6456738	12.206013
336917616	GYR	0.112062626	-0.351724	0.5330361
336917626	ACC	-1.1037607	2.5307484	13.78384
336917626	GYR	-0.25567827	-0.32790023	0.5739641
336917636	ACC	-0.4764607	2.0710478	15.646585
336917636	GYR	-0.63746905	-0.17640567	0.5849596
336917646	ACC	0.32083282	1.7310607	16.273886
336917646	GYR	-0.85371536	0.06305351	0.619779
336917656	ACC	0.86193895	1.1133378	15.409553
336917656	GYR	-0.73826176	0.28601933	0.6075617
336917665	ACC	0.42139238	0.6392714	13.96341
336917666	GYR	-0.3552493	0.3971968	0.5171536
336917675	ACC	-0.21787901	0.17238778	11.63857
336917675	GYR	0.14016241	0.49004832	0.44690412
336917685	ACC	-0.6177229	-0.19154198	9.28021
336917685	GYR	0.6074743	0.49493524	0.4328542
336917695	ACC	-0.97446984	-0.09337672	7.553937
336917695	GYR	0.93245465	0.30801046	0.45912144
336917705	ACC	-1.0534809	0.18675344	6.3759537
336917705	GYR	1.0448539	0.11009014	0.50432545
336917715	ACC	-0.9624985	0.43575802	5.8324533
336917715	GYR	0.90802	-0.08172155	0.5501404
336917725	ACC	-0.85236186	0.53392327	6.2514515
336917725	GYR	0.5457769	-0.22527489	0.57640755
336917735	ACC	-0.6751855	0.70870537	7.5659084
336917735	GYR	0.07235637	-0.26986805	0.5812945
336917745	ACC	-0.43575802	0.81644773	8.892337
336917745	GYR	-0.40656197	-0.2216097	0.5709098
336917755	ACC	-0.10055954	0.9816527	10.530021
336917755	GYR	-0.79385054	-0.088441074	0.54036653
336917765	ACC	0.0047885496	1.211503	11.492519
336917765	GYR	-0.99116004	0.104592346	0.4719496
336917775	ACC	0.23224466	1.4221992	11.923489
336917775	GYR	-0.9771101	0.25914127	0.3888719
336917785	ACC	0.15323359	1.3288225	11.760678
336917785	GYR	-0.7681942	0.29273883	0.29724213
336917795	ACC	-0.05027977	1.1779832	10.941835
336917795	GYR	-0.43649438	0.26830423	0.23554476
336917805	ACC	-0.16520496	1.1300977	10.10384
336917805	GYR	-0.08035993	0.20782857	0.20194715
336917815	ACC	-0.22027329	1.1995317	9.076695
336917815	GYR	0.21407712	0.16079195	0.19217333
336917825	ACC	-0.19633053	1.2881198	8.085466
336917825	GYR	0.39672583	0.111922726	0.20011456
336917835	ACC	-0.13886794	1.2737542	7.3767605
336917835	GYR	0.4675862	0.04289496	0.21477532
336917845	ACC	-0.10774237	1.2905141	6.9649453
336917845	GYR	0.43704295	0.013573425	0.22210571
336917855	ACC	-0.057462595	1.489239	6.6441126
336917855	GYR	0.3197568	0.02212554	0.22149485
336917865	ACC	0.071828246	1.6831752	6.732701
336917865	GYR	0.14688194	0.020292943	0.20744495
336917875	ACC	0.2466103	1.7981004	7.1780357
336917875	GYR	-0.036377635	0.007464773	0.16834958
336917885	ACC	0.26337022	1.786129	7.8173075
336917885	GYR	-0.19092654	-0.005363397	0.11092824
336917895	ACC	0.43096948	1.7382435	8.705584
336917895	GYR	-0.24101749	-0.0023090707	0.07733065
336917905	ACC	0.51716334	1.7406378	9.203592
336917905	GYR	-0.27644765	0.024569001	3.6163224E-4
336917915	ACC	0.5027977	1.7095122	9.634562
336917915	GYR	-0.24651527	0.057555724	-0.08943556
336917925	ACC	0.41181526	1.6592325	9.80695
336917925	GYR	-0.18542875	0.084433794	-0.1676263
336917935	ACC	0.28970724	1.5586729	9.859624
336917935	GYR	-0.11640099	0.07527082	-0.22688024
336917945	ACC	0.2681588	1.4796618	9.912297
336917945	GYR	-0.040653694	0.006853908	-0.2696408
336917955	ACC	0.24900457	1.4221992	10.084685
336917955	GYR	0.042423982	-0.1037127	-0.30384928
336917965	ACC	0.43096948	1.3862851	10.549175
336917965	GYR	0.13955157	-0.2038946	-0.33378166
336917975	ACC	0.16281068	1.5610672	10.307353
336917975	GYR	0.4113866	-0.30896342	-0.3930356
336917985	ACC	-0.014365649	1.8220432	10.987327
336917985	GYR	0.5415009	-0.4641232	-0.4437374
336917995	ACC	0.9768641	2.1141446	10.352844
336917995	GYR	0.6447371	-0.42869303	-0.4315201
336918005	ACC	0.84996754	1.8076775	9.715967
336918005	GYR	0.6978824	-0.36333045	-0.49932614
336918015	ACC	0.4860378	2.0423164	9.2490835
336918015	GYR	0.6783347	-0.33034372	-0.57568425
336918025	ACC	0.20111908	2.0447106	9.000079
336918025	GYR	0.6129721	-0.2936918	-0.63493824
336918035	ACC	-0.07422252	1.924997	9.153313
336918035	GYR	0.5164554	-0.3657739	-0.7021334
